# Created by Octave 4.2.1, Mon Jul 17 23:11:38 2017 GMT <unknown@unknown>
# name: b
# type: matrix
# rows: 8
# columns: 1
 1
 1
 2
 3
 3
 4
 16
 14


